Lenguaje,Siempre,Frecuentemente,Algunas veces,Rara vez,Nunca
Python,34,29,22,11,4
SQL,15,20,27,16,22
R,10,17,25,18,30
JavaScript,8,16,24,19,33
HTML/CSS,7,17,28,21,27
Java,6,15,22,19,38
Bash/Shell,6,13,22,19,40
C++,5,13,21,25,14
C#,4,10,19,18,49
TypeScript,4,10,17,12,57
PHP,3,11,18,16,52
Rust,3,8,14,12,63
Julia,3,8,16,13,61
Go,2,9,14,13,62
